label	Human	Bonobo	Chimpanzee	Gorilla	B_orangutan	S_orangutan
Human	0.000000	0.076787	0.072107	0.126836	0.147456	0.148715
Bonobo	0.076787	0.000000	0.047551	0.127488	0.147456	0.145078
Chimpanzee	0.072107	0.047551	0.000000	0.125571	0.152819	0.152097
Gorilla	0.126836	0.127488	0.125571	0.000000	0.123184	0.123473
B_orangutan	0.147456	0.147456	0.152819	0.123184	0.000000	0.012063
S_orangutan	0.148715	0.145078	0.152097	0.123473	0.012063	0.000000
