label	Human	Bonobo	Chimpanzee	Gorilla	B_orangutan	S_orangutan
Human	0.000000	0.173677	0.129529	0.252395	0.187440	0.178176
Bonobo	0.173677	0.000000	0.066303	0.192050	0.189662	0.183409
Chimpanzee	0.129529	0.066303	0.000000	0.216969	0.152097	0.152097
Gorilla	0.252395	0.192050	0.216969	0.000000	1.000000	0.274751
B_orangutan	0.187440	0.189662	0.152097	1.000000	0.000000	0.014541
S_orangutan	0.178176	0.183409	0.152097	0.274751	0.014541	0.000000
